{
  "advancedEditorSelectedIdentifier" : "ProjectBrowser",
  "openSceneRelativePaths" : [
    "Scene.usda",
    "Head.usda"
  ],
  "recentIdentifiers" : {
    "B00E1129-18DF-4C7C-963E-DCCE64A6037B" : [

    ]
  },
  "sceneCameraHistory" : {
    "26DBAE76-5DD8-47B6-A085-1B4ADA111097" : [
      {
        "date" : 716537705.79703903,
        "title" : "Untitled",
        "transform" : [
          0.99999994039535522,
          0,
          0,
          0,
          0,
          0.86602544784545898,
          -0.49999979138374329,
          0,
          0,
          0.49999979138374329,
          0.86602544784545898,
          0,
          -0.0060970247723162174,
          0.18282485008239746,
          0.3717353343963623,
          1
        ]
      },
      {
        "date" : 713598254.10944104,
        "title" : "Untitled",
        "transform" : [
          0.99999994039535522,
          0,
          0,
          0,
          0,
          0.86602544784545898,
          -0.49999979138374329,
          0,
          0,
          0.49999979138374329,
          0.86602544784545898,
          0,
          0,
          0.20658573508262634,
          0.35801699757575989,
          1
        ]
      }
    ],
    "A7072A6E-663C-4112-AD19-9D675CBCFAFF" : [
      {
        "date" : 713598443.99665999,
        "title" : "Untitled",
        "transform" : [
          0.99999994039535522,
          0,
          0,
          0,
          0,
          0.86602544784545898,
          -0.49999988079071045,
          0,
          0,
          0.49999988079071045,
          0.86602544784545898,
          0,
          -0.29092299938201904,
          2.905142068862915,
          2.9776294231414795,
          1
        ]
      },
      {
        "date" : 713598439.66276205,
        "title" : "Untitled",
        "transform" : [
          0.99999994039535522,
          0,
          0,
          0,
          0,
          0.86602544784545898,
          -0.49999988079071045,
          0,
          0,
          0.49999988079071045,
          0.86602544784545898,
          0,
          -0.31829443573951721,
          3.8721954822540283,
          4.996680736541748,
          1
        ]
      },
      {
        "date" : 713598436.94719005,
        "title" : "Untitled",
        "transform" : [
          0.99999994039535522,
          0,
          0,
          0,
          0,
          0.86602544784545898,
          -0.49999988079071045,
          0,
          0,
          0.49999988079071045,
          0.86602544784545898,
          0,
          -0.25223982334136963,
          1.5384359359741211,
          0.12416774034500122,
          1
        ]
      },
      {
        "date" : 713598433.86158204,
        "title" : "Untitled",
        "transform" : [
          0.99999994039535522,
          0,
          0,
          0,
          0,
          0.86602544784545898,
          -0.49999988079071045,
          0,
          0,
          0.49999988079071045,
          0.86602544784545898,
          0,
          -0.21623402833938599,
          2.2722582817077637,
          0.70965069532394409,
          1
        ]
      },
      {
        "date" : 713598430.07988203,
        "title" : "Untitled",
        "transform" : [
          0.99999994039535522,
          0,
          0,
          0,
          0,
          0.86602544784545898,
          -0.49999988079071045,
          0,
          0,
          0.49999988079071045,
          0.86602544784545898,
          0,
          -0.23699995875358582,
          1.2738498449325562,
          -0.70556533336639404,
          1
        ]
      },
      {
        "date" : 713598282.05834496,
        "title" : "Untitled",
        "transform" : [
          0.99999994039535522,
          0,
          0,
          0,
          0,
          0.86602544784545898,
          -0.49999988079071045,
          0,
          0,
          0.49999988079071045,
          0.86602544784545898,
          0,
          0,
          0.20622849464416504,
          0.35719823837280273,
          1
        ]
      }
    ],
    "B00E1129-18DF-4C7C-963E-DCCE64A6037B" : [
      {
        "date" : 715942804.63944805,
        "title" : "Untitled",
        "transform" : [
          1,
          0,
          0,
          0,
          0,
          0.70710676908493042,
          -0.70710670948028564,
          0,
          0,
          0.70710670948028564,
          0.70710676908493042,
          0,
          0.46549540758132935,
          2.3027825355529785,
          1.2811872959136963,
          1
        ]
      },
      {
        "date" : 715942154.76124203,
        "title" : "Untitled",
        "transform" : [
          0.99999994039535522,
          0,
          0,
          0,
          0,
          0.70710676908493042,
          -0.70710670948028564,
          0,
          0,
          0.70710670948028564,
          0.70710676908493042,
          0,
          0.46549540758132935,
          2.3027825355529785,
          1.2811872959136963,
          1
        ]
      },
      {
        "date" : 715934337.37186897,
        "title" : "Untitled",
        "transform" : [
          0.99999994039535522,
          0,
          0,
          0,
          0,
          0.70710676908493042,
          -0.70710670948028564,
          0,
          0,
          0.70710670948028564,
          0.70710676908493042,
          0,
          0.25344198942184448,
          2.9151718616485596,
          2.1241693496704102,
          1
        ]
      },
      {
        "date" : 715933170.44872499,
        "title" : "Untitled",
        "transform" : [
          0.99999994039535522,
          0,
          0,
          0,
          0,
          0.70710676908493042,
          -0.70710670948028564,
          0,
          0,
          0.70710670948028564,
          0.70710676908493042,
          0,
          0.18394953012466431,
          2.115847110748291,
          1.5417333841323853,
          1
        ]
      },
      {
        "date" : 715933166.06039405,
        "title" : "Untitled",
        "transform" : [
          0.99063390493392944,
          0,
          0.13654367625713348,
          0,
          0.090424343943595886,
          0.74929392337799072,
          -0.65603506565093994,
          0,
          -0.10231135040521622,
          0.66223746538162231,
          0.74227607250213623,
          0,
          0.11835429072380066,
          1.7457766532897949,
          1.8469170331954956,
          1
        ]
      },
      {
        "date" : 715933161.72848904,
        "title" : "Untitled",
        "transform" : [
          0.99063396453857422,
          0,
          0.13654369115829468,
          0,
          0.090424351394176483,
          0.7492939829826355,
          -0.65603512525558472,
          0,
          -0.10231136530637741,
          0.66223758459091187,
          0.74227619171142578,
          0,
          0.10513049364089966,
          2.0012304782867432,
          1.6171860694885254,
          1
        ]
      },
      {
        "date" : 715933146.11883998,
        "title" : "Untitled",
        "transform" : [
          0.99537616968154907,
          5.8207660913467407e-11,
          0.096052668988704681,
          0,
          0.065176278352737427,
          0.73455661535263062,
          -0.67540997266769409,
          0,
          -0.070556119084358215,
          0.67854738235473633,
          0.73116022348403931,
          0,
          0.17372056841850281,
          2.036963939666748,
          1.601224422454834,
          1
        ]
      },
      {
        "date" : 715933142.66354799,
        "title" : "Untitled",
        "transform" : [
          0.99974822998046875,
          5.8207660913467407e-11,
          0.022435853257775307,
          0,
          0.01532444916665554,
          0.73038661479949951,
          -0.68286198377609253,
          0,
          -0.016386847943067551,
          0.68303388357162476,
          0.73020279407501221,
          0,
          0.29302281141281128,
          2.046776294708252,
          1.585127592086792,
          1
        ]
      },
      {
        "date" : 715933130.68131602,
        "title" : "Untitled",
        "transform" : [
          0.99999994039535522,
          0,
          0,
          0,
          0,
          0.70710676908493042,
          -0.70710670948028564,
          0,
          0,
          0.70710670948028564,
          0.70710676908493042,
          0,
          0.32898664474487305,
          2.0999958515167236,
          1.5575844049453735,
          1
        ]
      },
      {
        "date" : 715933097.90972102,
        "title" : "Untitled",
        "transform" : [
          0.99999994039535522,
          0,
          0,
          0,
          0,
          0.70710676908493042,
          -0.70710670948028564,
          0,
          0,
          0.70710670948028564,
          0.70710676908493042,
          0,
          0.23560741543769836,
          2.105278491973877,
          1.5523015260696411,
          1
        ]
      }
    ]
  },
  "selectedSceneRelativePath" : "Scene.usda"
}